CFibre70 -838.583 519.539 0
CFibre68 -825.134 556.466 0
CFibre11 -888.239 467.954 0
AFibre34 -876.896 497.781 0
CFibre56 -974.171 353.995 0
CFibre99 -937.884 437.733 0
CFibre39 -873.35 552.161 0
CFibre84 -897.881 552.373 0
CFibre9 -820.216 663.139 0
CFibre87 -982.983 420.179 0
AFibre27 -884.754 628.824 0
CFibre76 -979.382 492.109 0
CFibre65 -933.952 588.485 0
CFibre16 -1044.16 400.061 0
AFibre18 -881.801 678.793 0
AFibre15 -842.769 743.149 0
CFibre74 -806.348 791.991 0
CFibre57 -1066.3 410.727 0
CFibre43 -1050.88 444.906 0
CFibre29 -937.191 679.749 0
AFibre32 -950.255 679.555 0
AFibre33 -982.432 644.271 0
CFibre51 -884.55 778.891 0
CFibre81 -1034.87 578.509 0
CFibre85 -953.376 700.692 0
CFibre45 -885.497 792.903 0
CFibre95 -1135.42 412.991 0
AFibre12 -1047.98 595.09 0
AFibre35 -1136.2 448.046 0
CFibre67 -1191.65 333.966 0
CFibre60 -974.665 730.272 0
AFibre42 -1099.25 555.401 0
AFibre0 -1090.29 596.432 0
CFibre93 -1165.34 475.647 0
AFibre3 -1255.62 262.769 0
CFibre97 -1203.81 400.027 0
AFibre26 -861.482 922.599 0
CFibre13 -1104.42 610.06 0
CFibre47 -1258.23 294.732 0
CFibre20 -925.58 863.042 0
CFibre63 -1165.68 514.646 0
CFibre17 -1186.61 498.374 0
AFibre13 -1092.31 698.202 0
CFibre61 -1260.66 386.449 0
CFibre58 -1057.3 772.595 0
AFibre10 -1185.48 578.894 0
CFibre98 -989.098 869.205 0
CFibre96 -1289.2 381.329 0
CFibre26 -1313.79 330.237 0
CFibre66 -1019.86 851.247 0
AFibre44 -985.69 894.498 0
CFibre52 -1121.31 723.161 0
CFibre54 -1259.55 504.048 0
CFibre12 -1111.39 784.714 0
CFibre0 -1308.66 439.056 0
CFibre73 -1181.92 726.915 0
CFibre2 -1093 852.899 0
AFibre16 -1245.68 624.191 0
CFibre50 -1303.65 523.473 0
CFibre36 -1194.33 723.561 0
AFibre8 -1366.78 392.433 0
AFibre39 -1386.51 346.688 0
CFibre38 -1405.19 302.975 0
CFibre40 -1181.85 761.327 0
AFibre17 -956.4 1040.92 0
CFibre10 -1347.25 493.494 0
AFibre2 -1249.94 683.735 0
CFibre71 -1106.7 895.713 0
AFibre5 -1070.1 941.648 0
AFibre20 -1169.28 814.663 0
CFibre49 -1163.26 832.842 0
CFibre5 -1375.59 458.667 0
CFibre48 -1010.84 1026.33 0
CFibre37 -1117.54 904.378 0
CFibre24 -947.475 1104.1 0
AFibre37 -1240.28 748.57 0
AFibre6 -1279.48 688.513 0
CFibre6 -1288.86 678.825 0
CFibre1 -1251.69 754.96 0
AFibre7 -1025.64 1045.82 0
AFibre41 -1461.91 315.367 0
CFibre34 -1269.46 732.375 0
CFibre80 -1300.83 716.157 0
CFibre69 -1244.32 807.598 0
AFibre11 -1093.3 1016.32 0
CFibre64 -1387.93 584.415 0
CFibre41 -1248.04 832.417 0
CFibre8 -1191.19 923.919 0
CFibre22 -1356.74 725.508 0
CFibre82 -1099.95 1090.92 0
AFibre38 -1507.54 482.305 0
AFibre29 -1545.3 385.808 0
CFibre55 -1438.92 644.027 0
CFibre83 -1349.76 804.688 0
CFibre59 -1379.19 761.111 0
CFibre44 -1281.48 919.773 0
AFibre25 -1336.44 841.952 0
AFibre45 -1047.63 1191.61 0
CFibre86 -1473.84 614.119 0
CFibre53 -1143.16 1103.54 0
CFibre30 -1538.01 473.703 0
AFibre47 -1205.04 1034.35 0
CFibre19 -1271.98 974.34 0
CFibre72 -1429.98 743.594 0
CFibre79 -1528.69 549.892 0
CFibre27 -1578.34 427.089 0
CFibre18 -1399.07 800.626 0
AFibre1 -1385.17 823.09 0
CFibre62 -1153.71 1126.73 0
CFibre32 -1224.51 1062 0
AFibre36 -1581.57 468.498 0
CFibre31 -1539.6 594.584 0
CFibre75 -1351.42 928.94 0
AFibre46 -1442.35 790.616 0
CFibre3 -1369.48 924.486 0
CFibre7 -1545.26 635.902 0
AFibre21 -1489.79 759.392 0
AFibre14 -1526.01 702.618 0
CFibre92 -1445.6 847.044 0
CFibre4 -1549.51 675.467 0
AFibre22 -1596.4 590.04 0
AFibre19 -1203.19 1185.94 0
CFibre77 -1568.3 654.597 0
CFibre100 -1618.41 578.066 0
AFibre9 -1657.53 503.585 0
AFibre31 -1612.6 633.321 0
CFibre90 -1377.56 1033.06 0
AFibre24 -1287.52 1149.09 0
CFibre33 -1666.71 542.015 0
AFibre30 -1554.82 776.901 0
CFibre94 -1300.51 1145.69 0
CFibre89 -1506.56 910.991 0
AFibre48 -1393.84 1098.67 0
AFibre28 -1697.69 583.547 0
CFibre23 -1647.47 712.707 0
CFibre78 -1347.45 1176.91 0
CFibre42 -1690.96 640.227 0
CFibre15 -1413.08 1123.53 0
AFibre43 -1611.03 829.01 0
CFibre14 -1719.2 650.787 0
AFibre23 -1522.2 1005.16 0
AFibre4 -1376.4 1199.64 0
CFibre91 -1599.9 913.988 0
CFibre88 -1632.35 871.916 0
CFibre28 -1497.2 1095.24 0
AFibre40 -1450.9 1158.9 0
CFibre21 -1600.38 959.662 0
CFibre46 -1585.39 1035.14 0
CFibre35 -1537.85 1110.36 0
CFibre25 -1521.99 1135.64 0
AFibre33 252.957 359.623 15
AFibre13 359.628 387.364 22
CFibre64 464.931 446.613 0
AFibre3 150.739 412.791 15
CFibre98 323.825 457.077 0
AFibre20 152.852 429.491 23
CFibre14 471.055 486.518 0
AFibre9 39.6349 414.169 15
CFibre35 55.9499 425.222 0
AFibre12 409.889 526.265 27
CFibre78 157.115 498.961 0
AFibre38 44.6177 469.438 23
CFibre29 199.731 537.54 0
AFibre23 65.6817 499.327 26
AFibre39 416.262 576.291 26
CFibre71 594.405 559.323 0
CFibre59 521.354 577.6 0
AFibre19 595.933 572.384 24
AFibre42 171.395 569.285 26
CFibre84 39.7525 531.041 0
AFibre40 -64.3731 480.159 24
CFibre0 595.453 587.766 0
CFibre99 337.43 607.131 0
CFibre60 377.638 623.864 0
CFibre20 -116.25 473.911 0
CFibre94 224.551 614.822 0
CFibre27 267.827 624.846 0
CFibre8 -4.75946 542.191 0
CFibre46 576.668 618.115 0
CFibre12 394.739 640.109 0
CFibre4 345.506 644.09 0
CFibre76 -99.1561 510.751 0
CFibre22 194.621 643.832 0
CFibre37 -111.549 522.538 0
CFibre62 504.911 663.293 0
CFibre9 201.788 653.715 0
CFibre86 482.469 672.442 0
CFibre52 264.919 683.58 0
CFibre100 486.617 690.442 0
CFibre61 -28.2654 602.04 0
CFibre16 -116.278 577.545 0
CFibre63 471.628 716.04 0
CFibre5 -34.7967 628.539 0
AFibre1 633.652 698.513 22
AFibre44 393.826 729.175 23
CFibre32 516.154 731.865 0
CFibre48 47.5734 692.296 0
CFibre15 110.52 714.694 0
AFibre32 -167.257 592.523 26
CFibre7 61.9289 707.362 0
AFibre14 92.0856 719.46 24
AFibre17 202.494 758.363 23
CFibre31 177.763 754.757 0
AFibre10 -83.8717 680.256 25
CFibre88 -154.251 649.576 0
AFibre46 372.109 813.896 21
CFibre89 -38.2152 744.765 0
AFibre5 632.742 814.062 12
CFibre49 665.424 810.586 0
CFibre70 570.097 832.449 0
CFibre80 381.379 852.429 0
AFibre24 463.462 855.493 13
CFibre45 559.552 846.819 0
AFibre22 119.833 828.821 21
AFibre45 -189.803 702.74 23
CFibre87 593.12 852.947 0
AFibre16 260.599 867.007 14
CFibre26 83.2539 833.747 0
AFibre18 584.547 865.077 10
CFibre30 -138.788 750.851 0
CFibre28 463.178 886.113 0
CFibre21 488.285 887.925 0
CFibre10 -29.1935 811.994 0
CFibre82 -81.965 797.344 0
CFibre85 639.615 874.887 0
AFibre43 261.313 891.323 12
CFibre73 337.425 899.851 0
AFibre7 -268.182 700.558 23
CFibre77 166.137 884.804 0
CFibre19 -249.423 719.902 0
CFibre13 -237.277 732.282 0
CFibre2 -15.2441 840.562 0
CFibre11 629.956 900.724 0
CFibre38 363.513 927.746 0
CFibre72 570.339 916.515 0
CFibre23 142.883 903.534 0
CFibre57 -121.692 815.104 0
CFibre34 73.9689 900.647 0
AFibre2 627.867 934.43 9
CFibre58 665.843 931.746 0
AFibre29 215.522 955.915 10
CFibre43 653.484 947.55 0
AFibre0 389.889 981.581 10
AFibre30 -199.254 846.899 15
CFibre66 220.592 983.459 0
CFibre1 390.554 999.446 0
CFibre47 302.411 996.398 0
CFibre41 -134.29 895.093 0
CFibre6 -148.31 890.374 0
CFibre97 67.497 969.08 0
CFibre83 133.749 999.94 0
AFibre47 257.482 1027.27 13
CFibre79 -123.495 928.706 0
AFibre34 -196.483 897.999 12
CFibre40 -113.504 941.675 0
CFibre53 183.158 1026.98 0
AFibre6 367.208 1050.07 15
CFibre39 451.176 1056.83 0
CFibre51 313.342 1057.12 0
CFibre96 271.489 1055.17 0
AFibre36 -214.804 935.85 10
CFibre67 325.089 1084.61 0
CFibre33 175.314 1069.25 0
CFibre25 -208.988 953.337 0
AFibre48 -65.2077 1022.19 13
CFibre17 188.912 1089.46 0
AFibre8 434.392 1107.31 26
AFibre4 -212.535 985.174 11
CFibre68 -126.883 1037.26 0
CFibre74 -33.5099 1072.24 0
CFibre44 503.57 1146.03 0
CFibre92 -187.362 1029.05 0
AFibre31 360.816 1154.25 27
AFibre37 493.704 1154.09 27
AFibre15 -206.267 1035.03 16
AFibre26 205.235 1159.95 27
AFibre28 -16.3344 1141.78 27
CFibre42 -159.108 1092.75 0
CFibre56 58.9408 1168.99 0
CFibre24 353.176 1217.4 0
CFibre18 -19.6097 1161.85 0
AFibre25 59.8766 1184.74 27
CFibre90 -40.9866 1161.26 0
CFibre50 -179.514 1112.56 0
CFibre3 308.604 1243.9 0
CFibre69 375.495 1246.46 0
AFibre27 224.861 1249.76 26
CFibre36 -35.3803 1198.56 0
CFibre95 275.575 1255.98 0
CFibre75 438.486 1261.08 0
CFibre93 -66.6931 1190.43 0
CFibre91 353.451 1266.54 0
AFibre35 18.4395 1226.13 26
AFibre21 -112.664 1187.73 27
AFibre41 95.6809 1250.55 26
CFibre54 35.2285 1251.72 0
AFibre11 339.217 1307.18 25
CFibre65 265.059 1305.52 0
CFibre81 290.394 1317.68 0
CFibre55 149.318 1323.02 0
CFibre91 680.722 -634.985 0
CFibre66 738.07 -604.119 0
CFibre92 716.921 -634.833 0
CFibre87 772.224 -642.965 0
AFibre0 574.753 -785.212 8
CFibre54 640.322 -760.431 0
CFibre88 767.517 -682.775 0
CFibre59 723.457 -723.773 0
CFibre30 600.991 -800.934 0
AFibre12 827.56 -656.991 25
AFibre42 739.345 -743.773 26
AFibre18 577.383 -832.154 19
CFibre33 565.598 -851.847 0
AFibre23 798.398 -748.395 27
AFibre28 778.623 -769.89 27
CFibre34 581.778 -884.077 0
AFibre33 898.308 -665.311 27
CFibre27 917.436 -648.436 0
CFibre39 995.353 -548.814 0
CFibre8 904.674 -707.125 0
CFibre29 688.839 -886.021 0
AFibre44 678.884 -893.157 26
AFibre27 991.325 -593.511 26
CFibre80 638.588 -927.912 0
CFibre13 974.68 -651.703 0
AFibre11 1031.12 -537.117 26
CFibre99 962.885 -688.8 0
AFibre39 564.282 -966.812 26
CFibre90 702.408 -942.822 0
CFibre89 785.364 -905.325 0
CFibre64 1055.26 -598.997 0
CFibre73 891.946 -835.37 0
AFibre21 1016.88 -687.224 23
CFibre98 870.274 -860.808 0
CFibre52 563.65 -1019.42 0
AFibre15 651.919 -995.747 24
CFibre72 679.131 -994.534 0
CFibre31 774.263 -952.876 0
CFibre2 1103.94 -587.319 0
CFibre71 795.543 -951.375 0
CFibre28 954.513 -823.507 0
CFibre21 583.971 -1043.78 0
CFibre48 691.077 -1011.15 0
AFibre45 545.703 -1079.64 22
CFibre100 885.523 -935.308 0
AFibre43 660.834 -1061.47 12
AFibre16 1120.56 -668.633 9
CFibre7 1158.95 -581.332 0
AFibre2 1161.03 -596.2 9
CFibre10 707.411 -1057.14 0
CFibre25 1031.61 -832.677 0
AFibre17 602.878 -1102.66 11
CFibre86 1114.16 -720.957 0
AFibre25 1185.06 -576.851 8
CFibre96 1156.69 -664.459 0
CFibre55 1168.38 -643.378 0
AFibre24 743.898 -1072.87 7
AFibre4 1185.52 -626.966 7
AFibre46 979.893 -923.98 6
CFibre15 1214.95 -563.579 0
CFibre67 1197.07 -614.801 0
CFibre56 1129.91 -754.252 0
AFibre41 592.281 -1140.36 9
CFibre65 950.198 -971.271 0
CFibre17 819.958 -1059.86 0
CFibre83 1035.2 -892.831 0
AFibre6 576.302 -1164.39 8
CFibre51 618.976 -1163.46 0
CFibre70 1119.3 -836.995 0
CFibre68 1176.19 -774.037 0
CFibre75 1233.1 -697.663 0
CFibre11 1232.35 -745.737 0
AFibre10 1004.26 -1027 0
AFibre35 739.783 -1187.24 0
CFibre63 799.373 -1163.51 0
AFibre14 1268.36 -707.52 0
CFibre4 679.206 -1224.34 0
CFibre44 1020.44 -1041.57 0
CFibre79 877.534 -1146.39 0
AFibre34 1276.2 -724.662 0
AFibre20 1211.58 -839.139 0
AFibre1 1227.86 -816.12 0
CFibre32 807.889 -1196.64 0
CFibre84 1248.63 -800.787 0
CFibre1 868.361 -1167.3 0
AFibre48 924.655 -1143.48 0
CFibre12 1197.62 -897.444 0
CFibre94 1097.38 -1031.13 0
AFibre36 1124.49 -1006.78 0
AFibre9 678.421 -1277.15 0
CFibre14 1340.93 -730.074 0
CFibre85 1242.43 -902.185 0
CFibre50 1185.42 -983.539 0
AFibre22 668.431 -1309.75 0
CFibre9 1114.52 -1078.22 0
CFibre0 975.677 -1186.13 0
AFibre29 1273.12 -896.492 0
AFibre13 869.159 -1256.68 0
CFibre40 661.094 -1336.09 0
AFibre31 771.113 -1308.11 0
CFibre61 908.565 -1266.34 0
CFibre47 871.297 -1289.72 0
CFibre49 1208.19 -1046.55 0
AFibre7 1258.32 -993.841 0
CFibre18 1013.17 -1227.68 0
CFibre24 899.029 -1293.76 0
CFibre5 969.286 -1264.58 0
CFibre78 707.745 -1377.19 0
CFibre16 1356.1 -896.918 0
AFibre38 798.519 -1358.22 0
AFibre37 1369.51 -885.072 0
CFibre37 1409.65 -814.083 0
CFibre42 1430.42 -771.359 0
CFibre58 1275.65 -1030.45 0
AFibre40 1349.59 -936.742 0
CFibre6 1406.68 -850.285 0
CFibre60 1065.44 -1237.13 0
CFibre45 1080.55 -1234.34 0
CFibre93 1205.83 -1128.78 0
CFibre76 785.141 -1400.3 0
CFibre43 1262.34 -1092.31 0
CFibre74 1140.33 -1207.81 0
CFibre57 1308.79 -1048.47 0
CFibre95 1456.29 -824.751 0
CFibre19 1017.09 -1310.68 0
CFibre23 1038.2 -1297.57 0
AFibre30 896.806 -1375.51 0
CFibre77 1334.94 -1028.32 0
CFibre26 1199.8 -1180.59 0
CFibre69 870.091 -1393.98 0
CFibre53 854.274 -1410.95 0
AFibre3 977.818 -1355.33 0
AFibre47 1339.76 -1073.86 0
AFibre26 1288.63 -1154.29 0
AFibre5 1451.42 -943.62 0
CFibre3 997.442 -1379.85 0
CFibre35 1271.48 -1173.94 0
CFibre97 1386.43 -1046.54 0
CFibre41 1447.99 -977.652 0
CFibre20 1413.58 -1033 0
CFibre36 1040.11 -1379.17 0
CFibre38 1347.27 -1130.57 0
CFibre46 1213.45 -1269.18 0
AFibre32 1248.97 -1247.93 0
CFibre82 1332 -1169.94 0
CFibre62 1300.79 -1223.76 0
CFibre22 1078.55 -1404.44 0
CFibre81 1003.18 -1451.74 0
AFibre19 1374.7 -1287.01 0
AFibre8 1296.99 -1368.82 0
CFibre47 -636.772 -982.993 0
AFibre7 -652.27 -962.277 21
CFibre0 -772.95 -840.949 0
CFibre35 -672.493 -1046.17 0
CFibre44 -714.167 -990.411 0
CFibre60 -631.855 -1145.03 0
AFibre10 -811.904 -879.169 7
AFibre23 -676.864 -1133.56 5
AFibre11 -639.051 -1185.07 5
AFibre14 -808.904 -936.218 6
CFibre1 -868.678 -839.035 0
CFibre29 -663.392 -1191.94 0
CFibre7 -751.272 -1085.52 0
AFibre17 -879.663 -861.362 6
AFibre6 -833.133 -961.32 5
CFibre38 -720.897 -1138.13 0
AFibre15 -660.395 -1217.23 0
CFibre11 -847.753 -952.169 0
CFibre43 -710.306 -1166.05 0
AFibre12 -907.857 -828.277 5
CFibre6 -785.213 -1089.31 0
CFibre62 -721.975 -1182.89 0
CFibre49 -911.71 -870.954 0
CFibre23 -817.821 -1051.9 0
CFibre4 -752.355 -1150.28 0
AFibre1 -799.601 -1093.24 0
CFibre57 -839.901 -1036.82 0
CFibre58 -856.092 -1016.79 0
AFibre26 -765.046 -1158.96 0
CFibre14 -719.352 -1219.3 0
CFibre51 -775.312 -1149.9 0
AFibre18 -707.53 -1249.41 0
CFibre2 -855.092 -1046.53 0
CFibre50 -766.123 -1182.89 0
CFibre3 -685.564 -1280.73 0
CFibre10 -896.439 -989.33 0
CFibre32 -763.54 -1209.64 0
CFibre33 -858.507 -1075.32 0
CFibre61 -842.678 -1119.2 0
AFibre16 -810.016 -1169.72 0
CFibre42 -818.802 -1158.42 0
AFibre22 -896.948 -1042.51 0
AFibre2 -723.587 -1291.47 0
CFibre27 -961.283 -956.947 0
CFibre12 -841.14 -1162.7 0
AFibre25 -733.57 -1301.18 0
CFibre31 -823.097 -1197.67 0
CFibre46 -818.345 -1219.16 0
CFibre30 -909.215 -1098.6 0
CFibre48 -1018.2 -885.361 0
AFibre13 -769.928 -1295.8 0
CFibre16 -884.986 -1145.37 0
CFibre53 -835.601 -1216.87 0
CFibre24 -959.056 -1037.95 0
CFibre15 -1041.92 -871.479 0
AFibre5 -800.993 -1284.27 0
CFibre59 -881.76 -1201.49 0
AFibre24 -850.994 -1254.2 0
AFibre3 -815.727 -1321.85 0
AFibre20 -1061.4 -930.59 0
CFibre21 -886.911 -1236.78 0
CFibre9 -868.976 -1261.52 0
CFibre13 -934.842 -1178.76 0
AFibre19 -1025.03 -1038.09 0
AFibre8 -961.411 -1157.04 0
CFibre56 -888.823 -1280.82 0
CFibre40 -1018.6 -1106.33 0
CFibre26 -907.258 -1284.71 0
AFibre9 -1093.39 -976.815 0
CFibre54 -996.213 -1204.57 0
CFibre52 -898.28 -1351.22 0
CFibre20 -1028.97 -1172.21 0
CFibre55 -911.696 -1344.21 0
CFibre45 -1063.81 -1129.12 0
CFibre39 -1054.28 -1148.51 0
CFibre5 -1145.14 -993.288 0
CFibre19 -914.458 -1385.23 0
CFibre18 -1116.43 -1108.34 0
AFibre0 -1035.95 -1244.5 0
CFibre25 -935.495 -1382.15 0
CFibre17 -1163.26 -1021.41 0
CFibre22 -1009.86 -1288.98 0
AFibre4 -998.711 -1320.12 0
CFibre36 -1031.9 -1283.55 0
CFibre41 -991.348 -1341.35 0
CFibre28 -1086.82 -1226.7 0
CFibre8 -1125.83 -1175.69 0
CFibre37 -1107.82 -1211.16 0
AFibre21 -1135.03 -1243.87 0
CFibre34 -1121.93 -1282.43 0
CFibre56 110.93 -1241.96 0
CFibre3 24.5139 -1214.16 0
AFibre5 185.208 -1277.12 0
CFibre1 133.534 -1266.09 0
AFibre18 9.13542 -1229.14 0
CFibre40 56.4523 -1276.47 0
CFibre57 85.1663 -1302.21 0
CFibre58 76.2259 -1322.88 0
CFibre4 199.304 -1374.17 0
CFibre23 -38.4975 -1306.79 0
CFibre41 91.3595 -1356.2 0
CFibre24 -122.302 -1276.65 0
CFibre38 155.161 -1384.9 0
CFibre47 23.8519 -1356.14 0
CFibre54 104.056 -1384.62 0
CFibre50 -19.3921 -1343.77 0
CFibre42 167.145 -1402.88 0
CFibre16 240.127 -1416.79 0
CFibre6 -113.075 -1319.84 0
CFibre43 38.4066 -1388.52 0
CFibre53 -139.591 -1316.24 0
CFibre49 194.806 -1442.76 0
CFibre10 -136.485 -1330.9 0
CFibre45 224.745 -1450.61 0
CFibre2 133.956 -1435.3 0
CFibre22 243.765 -1459.94 0
AFibre8 -103.506 -1364.19 0
AFibre12 34.4061 -1420.62 0
CFibre37 -201.647 -1314.99 0
CFibre26 -145.489 -1350.34 0
CFibre46 287.136 -1482.17 0
CFibre51 -162.966 -1347.99 0
AFibre3 -13.2897 -1421.84 0
CFibre14 208.66 -1493.03 0
CFibre34 -18.6243 -1434.14 0
AFibre6 68.9619 -1465.69 0
CFibre62 -114.04 -1407.37 0
CFibre28 225.197 -1513.59 0
CFibre32 52.7758 -1480.03 0
AFibre0 -71.964 -1439.6 0
CFibre29 -182.582 -1395.25 0
CFibre12 222.21 -1528.65 0
CFibre48 63.0999 -1495.96 0
CFibre33 -8.47316 -1479.61 0
AFibre16 135.574 -1524.7 0
AFibre4 270.49 -1546.82 0
CFibre60 197.676 -1540.68 0
CFibre19 34.6624 -1506.2 0
CFibre61 -215.841 -1404.72 0
AFibre14 165.757 -1549.65 0
CFibre31 274.604 -1571.48 0
AFibre9 36.9575 -1532.71 0
AFibre24 -70.5798 -1496.77 0
AFibre10 144.774 -1570.24 0
CFibre27 -234.988 -1432.76 0
CFibre11 208.813 -1589.22 0
CFibre21 123.862 -1577.5 0
CFibre0 219.985 -1602.57 0
CFibre5 -133.117 -1502.36 0
CFibre30 236.97 -1605.74 0
AFibre1 5.19611 -1556 0
AFibre17 83.3996 -1578.59 0
AFibre21 257.623 -1610.04 0
CFibre20 48.6553 -1574.85 0
AFibre13 77.9994 -1594.2 0
CFibre39 241.864 -1628.05 0
AFibre7 -239.315 -1481.25 0
CFibre15 -149.042 -1533.15 0
CFibre36 4.89732 -1596.6 0
CFibre52 -242.996 -1494.08 0
AFibre23 -73.9412 -1581.09 0
CFibre59 -282.054 -1489.05 0
AFibre19 136.038 -1657.82 0
CFibre7 -210.476 -1549.51 0
CFibre25 215.725 -1683.09 0
AFibre26 -55.258 -1630.94 0
AFibre20 -97.5414 -1617.87 0
AFibre11 -283.5 -1542.27 0
CFibre18 111.846 -1694.75 0
AFibre25 69.0347 -1685.34 0
AFibre2 67.6788 -1703.95 0
AFibre15 149.409 -1722.09 0
CFibre44 -215.613 -1607.83 0
CFibre8 -60.0323 -1671.02 0
CFibre13 -12.561 -1692.17 0
CFibre35 -127.73 -1661.21 0
CFibre55 94.8209 -1764.23 0
CFibre9 -91.6857 -1720.58 0
CFibre17 26.1751 -1776.81 0
AFibre22 -174.589 -1724.91 0
CFibre55 246.266 -148.286 6
CFibre19 227.359 -146.814 4
CFibre23 133.26 -188.882 4
CFibre59 217.927 -57.7054 4
CFibre18 125.25 -142.634 4
AFibre21 86.9183 -195.964 1
CFibre38 92.6779 -176.01 3
CFibre17 92.3857 -138.747 3
CFibre39 135.538 -69.3381 3
CFibre51 237.472 12.5198 3
CFibre31 125.733 -78.9018 3
CFibre40 109.707 -96.7607 3
CFibre7 49.0297 -248.152 3
CFibre34 170.575 -27.8821 3
CFibre28 186.272 -10.6438 3
CFibre10 65.6603 -150.493 3
AFibre25 120.934 -60.879 1
CFibre30 41.1864 -213.259 3
AFibre15 104.015 -79.307 1
AFibre11 168.071 -8.51351 1
CFibre54 69.6271 -103.485 2
CFibre56 32.2642 -167.848 2
AFibre1 54.9055 -115.274 1
CFibre11 14.2654 -226.703 2
CFibre1 5.51328 -285.723 3
CFibre46 17.1217 -195.932 2
CFibre2 2.68369 -260.367 2
CFibre43 51.8244 -85.1718 2
AFibre2 127.582 20.5986 1
AFibre19 55.0934 -51.3864 1
AFibre3 -38.8727 -244.604 1
CFibre0 217.611 105.671 1
AFibre7 244.477 125.919 1
CFibre32 18.7027 -39.0287 1
CFibre15 172.831 106.92 1
CFibre5 -55.0024 -186.316 1
CFibre12 153.82 110.933 1
AFibre0 -78.0554 -226.349 1
CFibre37 -83.2669 -257.864 1
CFibre33 -49.4499 -115.78 1
AFibre23 -68.1099 -168.78 1
CFibre58 207.946 151.55 1
CFibre20 -67.9907 -152.043 1
CFibre14 -84.1806 -208.19 1
CFibre4 -90.6208 -171.082 1
CFibre36 84.5187 109.533 1
CFibre27 -67.6052 -76.2172 1
CFibre61 120.928 139.115 1
CFibre22 98.8317 138.532 0
AFibre14 38.8443 93.8949 1
CFibre21 -133.007 -231.894 1
AFibre18 -102.169 -99.9432 1
CFibre53 63.3459 124.124 0
CFibre6 132.927 185.35 0
CFibre49 3.71794 103.164 0
CFibre60 -157.945 -203.828 1
CFibre47 -122.689 -79.3692 0
AFibre20 -26.6335 77.2223 1
CFibre25 97.9973 184.467 0
CFibre3 -81.5136 9.41607 0
AFibre12 165.464 225.457 1
CFibre26 -54.3228 57.6257 0
AFibre9 -182.078 -189.645 1
AFibre5 -127.695 -23.9823 1
CFibre13 -68.8506 70.2427 0
CFibre57 -170.331 -108.022 0
CFibre50 -187.327 -165.184 0
CFibre42 89.1843 228.901 0
CFibre62 -195.878 -140.108 0
CFibre9 -94.457 77.0491 0
AFibre10 -116.479 55.4105 1
AFibre8 98.7314 253.261 1
CFibre16 -136.534 33.5946 0
CFibre44 -210.781 -134.734 0
AFibre4 -205.255 -114.585 1
CFibre41 -52.8708 171.573 0
CFibre24 -239.519 -151.841 0
AFibre17 -180.224 8.06695 1
CFibre35 -236.795 -136.858 0
CFibre29 -176.951 43.5658 0
AFibre22 -142.188 113.222 1
AFibre26 -241.924 -65.3195 1
AFibre24 -98.4867 167.927 1
CFibre8 28.0729 274.312 0
CFibre48 -140.134 128.157 0
AFibre16 -133.581 154.451 1
AFibre13 -177.376 97.5228 1
CFibre52 -238.807 -4.77316 0
CFibre45 -108.509 204.723 0
AFibre6 -92.8945 258.055 1
AFibre19 92.4632 1435.36 0
CFibre24 161.744 1450.25 0
CFibre25 183.604 1467.99 0
CFibre36 -40.3866 1434.17 0
CFibre28 -2.15552 1448.16 0
AFibre18 -49.7964 1451.66 0
CFibre58 -33.8434 1457.66 0
CFibre6 -14.1153 1468.62 0
CFibre34 211.313 1527.16 0
AFibre16 24.8149 1499.28 0
AFibre6 67.1213 1535.85 0
CFibre9 254.062 1562.11 0
CFibre47 130.767 1548.82 0
AFibre13 172.379 1556.05 0
CFibre59 -74.8178 1509.14 0
AFibre3 -157.46 1487.69 0
CFibre49 183.288 1561.75 0
CFibre57 156.957 1559.26 0
CFibre54 -98.8497 1508.1 0
CFibre45 -115.25 1504.5 0
AFibre25 149.843 1578.45 0
CFibre27 257.663 1594.96 0
CFibre40 -149.385 1526.97 0
AFibre12 149.655 1595.3 0
AFibre20 63.5788 1587.1 0
CFibre13 135.064 1601.17 0
CFibre39 -81.1224 1559.4 0
CFibre38 -160.984 1537.21 0
CFibre61 10.8552 1581.24 0
AFibre5 -126.641 1548.45 0
CFibre56 -205.515 1524.96 0
CFibre41 122.503 1606.35 0
AFibre26 -220.204 1529.8 0
CFibre60 255.817 1630.43 0
AFibre0 14.1137 1597.56 0
CFibre18 209.945 1631.57 0
AFibre7 175.227 1629.56 0
CFibre33 160.613 1632.46 0
AFibre8 -57.9324 1602.79 0
AFibre4 -123.128 1587.98 0
CFibre0 227.231 1659.16 0
CFibre1 -8.14236 1628.24 0
CFibre51 127.79 1664.74 0
AFibre17 284.129 1686.35 0
CFibre26 -188.835 1612.66 0
CFibre29 -251.212 1594.77 0
AFibre24 82.6416 1679.18 0
CFibre52 -110.991 1651.74 0
CFibre19 73.9727 1699.93 0
CFibre37 -216.794 1633.39 0
AFibre1 -268.783 1619.24 0
CFibre8 283.476 1730.84 0
CFibre16 152.118 1720.67 0
CFibre55 -192.724 1648.59 0
AFibre14 -22.7267 1701.41 0
AFibre23 7.59074 1714.17 0
CFibre50 267.905 1756.29 0
CFibre20 37.7355 1732.25 0
CFibre17 233.994 1757.84 0
CFibre53 -197.716 1691.18 0
CFibre5 -259.3 1676.1 0
CFibre2 -217.843 1690.38 0
AFibre11 -185.996 1700.94 0
CFibre62 -117.343 1725.72 0
CFibre43 178.757 1801.41 0
CFibre46 -217.598 1749.04 0
CFibre22 23.7186 1806.91 0
AFibre9 189.487 1836.71 0
CFibre23 -220.011 1761.14 0
AFibre2 -281.511 1743.13 0
CFibre4 27.7952 1822.15 0
CFibre35 -40.0582 1814.92 0
CFibre3 -68.54 1810.78 0
CFibre7 -168.391 1802.43 0
CFibre30 177.662 1870.85 0
CFibre10 40.1481 1856.82 0
CFibre31 -223.665 1801.66 0
AFibre15 -130.581 1827.6 0
CFibre15 -264.911 1797.24 0
CFibre11 99.7861 1885.23 0
CFibre21 -127.262 1847.86 0
AFibre10 -170.429 1842.42 0
CFibre48 96.6532 1903.1 0
CFibre44 -4.13873 1901.01 0
CFibre42 26.2543 1907.26 0
CFibre14 -161.784 1895.38 0
AFibre22 86.8506 1948.37 0
CFibre12 -6.42342 1939.82 0
AFibre21 49.5743 1962.82 0
CFibre32 -1.39311 1966.77 0
CFibre11 -553.196 1525.21 0
CFibre7 -507.045 1550.9 0
CFibre18 -522.419 1564.35 0
CFibre4 -539.711 1564.47 0
CFibre6 -566.001 1565.25 0
CFibre27 -608.751 1545.43 0
AFibre7 -496.898 1626.3 0
CFibre28 -571.479 1597.13 0
CFibre15 -490.627 1636.67 0
AFibre5 -677.038 1548.66 0
AFibre4 -584.68 1601.42 0
CFibre21 -633.14 1578.17 0
CFibre9 -484.735 1659.74 0
CFibre17 -624.043 1607.36 0
CFibre16 -492.255 1681.67 0
AFibre12 -576.719 1641.9 0
AFibre8 -686.593 1583.74 0
AFibre0 -673.218 1595.38 0
CFibre3 -548.491 1667.63 0
CFibre5 -525.322 1688.23 0
CFibre26 -539.035 1685.58 0
CFibre22 -578.827 1673.88 0
CFibre2 -553.534 1690.43 0
AFibre10 -653.848 1642.16 0
CFibre19 -687.462 1626.49 0
CFibre30 -674.561 1634.35 0
AFibre9 -596.993 1679.32 0
CFibre0 -694.875 1642.44 0
CFibre13 -659.09 1678.35 0
CFibre23 -631.767 1699.27 0
AFibre6 -604.544 1713.21 0
CFibre24 -737.246 1642.11 0
CFibre20 -694.721 1669.64 0
AFibre13 -574.067 1737.46 0
CFibre8 -715.427 1671.79 0
CFibre1 -698.688 1688.84 0
CFibre10 -534.741 1772.47 0
AFibre11 -618.513 1735.68 0
AFibre1 -722.806 1689.58 0
AFibre2 -648.393 1732.12 0
CFibre29 -601.139 1759.21 0
AFibre3 -622.12 1749.71 0
CFibre25 -592.699 1771.97 0
CFibre12 -614.865 1774.35 0
CFibre14 -681.421 1758.19 0
AFibre13 -607.858 1204.3 0
CFibre25 -673.767 1167.88 0
AFibre11 -625.875 1207.24 0
CFibre8 -664.479 1193.71 0
CFibre14 -655.559 1212.04 0
CFibre13 -585.731 1261.64 0
AFibre12 -667.903 1208.32 0
AFibre3 -700.465 1197.17 0
CFibre4 -580.105 1287.05 0
CFibre3 -755.868 1174.86 0
CFibre21 -662.587 1244.94 0
CFibre7 -691.168 1225.79 0
CFibre23 -604.462 1289.04 0
AFibre8 -723.007 1221.73 0
CFibre24 -763.919 1192.26 0
AFibre6 -693.654 1255.57 0
AFibre4 -635.19 1313.53 0
CFibre11 -680.245 1286.27 0
AFibre10 -772.453 1245.4 0
CFibre1 -759.439 1257.5 0
CFibre15 -806.623 1226.72 0
CFibre6 -639.613 1347.07 0
CFibre17 -683.254 1322.32 0
CFibre18 -597.745 1378.94 0
CFibre0 -688.502 1334.39 0
AFibre5 -642.305 1369.12 0
CFibre2 -609.397 1394.36 0
CFibre29 -653.474 1374.94 0
CFibre5 -788.536 1282.2 0
CFibre16 -673.343 1363.22 0
AFibre7 -759.894 1311.76 0
CFibre19 -746.101 1323.75 0
AFibre9 -710.652 1349.91 0
CFibre30 -770.673 1322.3 0
CFibre22 -801.558 1299.6 0
AFibre0 -815.003 1290.68 0
AFibre1 -699.213 1379.48 0
CFibre20 -723 1369.29 0
CFibre28 -657.564 1412.13 0
CFibre9 -688.701 1400.04 0
CFibre12 -781.168 1340.63 0
AFibre2 -690.313 1420.32 0
CFibre26 -719.304 1409.74 0
CFibre10 -736.927 1404.62 0
CFibre27 -783.919 1395.76 0
AFibre12 -870.129 -387.708 25
AFibre11 -884.358 -324.811 25
CFibre21 -875.365 -459.079 0
AFibre5 -893.99 -353.633 26
CFibre22 -907.663 -304.424 0
AFibre7 -898.085 -458.335 26
AFibre0 -930.558 -297.085 26
AFibre13 -924.802 -424.02 26
CFibre13 -934.032 -314.401 0
CFibre17 -934.028 -331.646 0
AFibre9 -923.735 -469.408 26
CFibre20 -935.894 -285.446 0
CFibre25 -942.134 -355.052 0
CFibre23 -951.938 -376.543 0
CFibre11 -963.247 -321.505 0
AFibre10 -960.352 -446.062 26
CFibre30 -968.133 -370.55 0
CFibre28 -976.699 -296.422 0
CFibre2 -972.304 -430.99 0
CFibre27 -966.499 -530.656 0
CFibre5 -974.13 -484.098 0
CFibre18 -988.451 -316.437 0
CFibre24 -979.79 -500.073 0
AFibre8 -997.871 -345.686 26
AFibre1 -1015.24 -334.471 25
CFibre1 -1010.48 -443.337 0
CFibre8 -1015.32 -424.132 0
CFibre26 -1021.23 -315.136 0
AFibre3 -1027.06 -354.032 25
AFibre6 -1020.4 -455.91 25
CFibre29 -1032.4 -368.023 0
CFibre12 -1034.66 -411.566 0
CFibre4 -1030.67 -492.7 0
CFibre6 -1043.94 -334.44 0
CFibre3 -1033.58 -525.683 0
CFibre10 -1054.65 -323.506 0
CFibre9 -1054.4 -368.498 0
AFibre4 -1070.06 -291.824 25
CFibre0 -1079.47 -333.646 0
CFibre7 -1077.19 -434.353 0
AFibre2 -1088.85 -469.141 23
CFibre19 -1089.68 -481.864 0
CFibre14 -1094.64 -443.19 0
CFibre16 -1112.92 -393.423 0
CFibre15 -1129.48 -445.099 0
AFibre6 -1272.82 -651.968 0
CFibre29 -1287.36 -646.293 0
CFibre11 -1309.39 -536.25 0
CFibre10 -1304.36 -585.451 0
CFibre8 -1326.21 -517.988 0
CFibre21 -1328.26 -501.129 0
CFibre16 -1314.53 -639.563 0
AFibre11 -1325.92 -663.307 0
AFibre3 -1355.29 -494.938 0
CFibre1 -1336.11 -637.312 0
CFibre25 -1349.39 -611.522 0
CFibre20 -1341 -689.79 0
AFibre0 -1344.36 -675.339 0
CFibre19 -1378.53 -531.915 0
AFibre8 -1380.76 -546.991 0
CFibre9 -1380.78 -583.396 0
AFibre1 -1379.76 -601.907 0
AFibre4 -1375.31 -629.34 0
CFibre28 -1399.35 -486.23 0
AFibre9 -1370.37 -678.877 0
CFibre26 -1376.97 -662.011 0
CFibre30 -1409.47 -470.371 0
CFibre17 -1377.37 -696.957 0
CFibre13 -1406.14 -552.75 0
CFibre2 -1413.87 -539.23 0
CFibre15 -1417.55 -585.447 0
CFibre27 -1406.16 -700.85 0
CFibre3 -1428.92 -590.115 0
CFibre23 -1438.87 -535.777 0
AFibre5 -1442.34 -508.429 0
CFibre22 -1426.79 -667.038 0
AFibre12 -1447.69 -551.734 0
CFibre0 -1440.77 -634.804 0
CFibre12 -1462.79 -568.747 0
CFibre5 -1476.54 -490.971 0
AFibre2 -1455.49 -648.784 0
CFibre14 -1479.03 -524.231 0
CFibre7 -1473.63 -594.191 0
CFibre6 -1460.32 -687.563 0
AFibre7 -1469.55 -641.98 0
AFibre13 -1468.7 -657.969 0
AFibre10 -1499.29 -531.058 0
CFibre24 -1479.11 -702.733 0
CFibre18 -1511.67 -524.679 0
CFibre4 -1493.57 -646.616 0
CFibre1 -1394.15 -69.3952 0
CFibre28 -1392.87 20.2846 0
CFibre18 -1412.43 -5.81204 0
CFibre25 -1406.91 41.0068 0
CFibre14 -1406.44 77.1343 0
AFibre9 -1457.29 -89.0415 0
CFibre13 -1444.38 23.0883 0
CFibre8 -1452.23 63.1959 0
CFibre16 -1452.21 89.7966 0
CFibre17 -1483.99 -101.295 0
CFibre10 -1458.53 105.282 0
AFibre10 -1497.56 -92.88 0
AFibre1 -1485.02 42.3166 0
CFibre3 -1510.58 -104.363 0
CFibre23 -1472.23 132.925 0
CFibre11 -1501.01 -10.6882 0
CFibre2 -1505.6 4.21887 0
CFibre21 -1492.06 113.732 0
CFibre24 -1532.65 -113.926 0
CFibre12 -1530.01 -88.2724 0
AFibre2 -1519.07 1.5672 0
AFibre12 -1511.36 52.4127 0
CFibre22 -1493.74 139.762 0
AFibre3 -1538.78 -45.8931 0
CFibre4 -1533.46 24.3894 0
CFibre30 -1529.42 55.5485 0
AFibre0 -1552.93 -83.4201 0
CFibre19 -1547.78 37.7442 0
CFibre9 -1542.63 89.3555 0
CFibre29 -1551.52 57.1709 0
AFibre7 -1566.97 -35.4563 0
CFibre6 -1571.69 -67.7224 0
CFibre20 -1572.32 -12.2542 0
CFibre5 -1565.64 34.2254 0
AFibre13 -1565.25 101.51 0
AFibre6 -1584.09 5.69154 0
CFibre26 -1585.67 17.888 0
CFibre0 -1599.05 -63.6456 0
CFibre15 -1584.07 71.9328 0
AFibre5 -1608.78 -53.4487 0
AFibre4 -1599.6 13.3314 0
CFibre7 -1596.19 46.5028 0
CFibre27 -1614.86 -33.738 0
AFibre8 -1611.52 43.8804 0
AFibre11 -1625.27 48.3696 0
CFibre7 1362.66 -3.43788 0
AFibre7 1379.17 -52.5504 0
CFibre26 1386.9 -80.4754 0
AFibre1 1404.73 -95.6653 0
AFibre6 1400.61 -60.8936 0
AFibre4 1400.79 -26.8559 0
AFibre9 1420.94 -77.6313 0
AFibre8 1393.64 41.0488 0
CFibre30 1441.25 -121.043 0
CFibre17 1394.55 81.0013 0
CFibre20 1426.65 -4.3412 0
AFibre13 1459.18 -121.155 0
CFibre21 1452.49 -68.5455 0
CFibre1 1438.39 1.89273 0
CFibre19 1421.16 79.7611 0
CFibre11 1476.28 -98.2946 0
AFibre2 1482.7 -119.396 0
AFibre10 1436.64 61.6036 0
CFibre22 1453.56 39.8973 0
CFibre8 1496.76 -134.47 0
CFibre9 1502.75 -94.6755 0
AFibre12 1508.17 -78.538 0
CFibre14 1502.43 -50.9622 0
CFibre3 1453.25 124.516 0
CFibre10 1463.23 104.678 0
CFibre5 1477.46 81.9503 0
CFibre13 1520.99 -69.4065 0
CFibre18 1519.45 -35.6136 0
CFibre4 1475.41 119.003 0
CFibre0 1516.95 25.411 0
CFibre23 1483.1 128.273 0
AFibre0 1519.8 87.8425 0
CFibre16 1569 -89.8194 0
CFibre2 1581.44 -76.2642 0
CFibre29 1572.37 -19.9329 0
CFibre27 1552.42 69.1399 0
CFibre6 1556.98 54.8187 0
CFibre12 1577.12 6.08045 0
CFibre28 1596.99 -65.1994 0
CFibre24 1584.99 27.8144 0
AFibre3 1614.85 -60.3462 0
CFibre25 1603.33 10.0439 0
CFibre15 1622.74 -41.9884 0
AFibre11 1597.67 58.8747 0
AFibre5 1624.62 25.3857 0
CFibre38 868.627 1141.97 0
CFibre29 799.388 1174.74 0
CFibre35 737.415 1215.1 0
CFibre21 969.935 1149.36 0
AFibre16 925.073 1175.83 0
CFibre55 737.757 1236.07 0
CFibre54 713.934 1253.56 0
AFibre23 697.991 1257.24 0
CFibre50 782.301 1250.83 0
CFibre0 984.744 1197.92 0
CFibre10 1096.34 1150.73 0
CFibre27 796.478 1260.37 0
AFibre0 853.454 1249.24 0
CFibre20 870.93 1258.71 0
CFibre33 1088.53 1185.97 0
CFibre2 1003.29 1224.69 0
AFibre7 975.364 1236.38 0
AFibre2 885.525 1280.18 0
AFibre20 809.357 1303.61 0
CFibre52 674.287 1338.95 0
CFibre17 787.724 1321.71 0
CFibre45 1090.55 1218.91 0
AFibre10 702.368 1343 0
CFibre39 832.153 1313.82 0
CFibre3 964.152 1273.83 0
CFibre28 1059.84 1244.13 0
AFibre26 826.379 1327.36 0
CFibre41 726.351 1355.46 0
CFibre9 796.447 1341.52 0
CFibre56 1141.15 1219.33 0
AFibre18 1010.27 1283.93 0
CFibre58 862.77 1344.78 0
CFibre15 1088.78 1264.72 0
CFibre48 1015.5 1303.45 0
CFibre51 950.141 1329.45 0
CFibre40 1007.49 1312.42 0
CFibre14 1118.55 1269.7 0
AFibre19 1064.75 1297.23 0
AFibre9 930.698 1347.57 0
AFibre8 1077.43 1294.35 0
CFibre26 897.62 1359.31 0
AFibre1 669.849 1418.39 0
CFibre11 1161.27 1280.82 0
CFibre44 1008.72 1355.61 0
CFibre61 1091.68 1332.18 0
CFibre34 889.88 1405.13 0
AFibre24 751.796 1458 0
AFibre14 1085.62 1358.25 0
CFibre5 919.854 1422.29 0
AFibre13 885.678 1434.49 0
CFibre53 938.287 1421.87 0
AFibre4 1208.46 1318.06 0
CFibre57 720.803 1490.17 0
CFibre7 978.193 1424.48 0
CFibre49 1169.17 1348.93 0
CFibre12 1002.25 1424.72 0
CFibre23 924.241 1453.15 0
CFibre24 734.862 1500.46 0
CFibre19 1163.19 1365.41 0
AFibre15 698.089 1509.77 0
AFibre11 988.345 1443.38 0
CFibre59 966.959 1452.4 0
CFibre30 956.129 1465.15 0
CFibre43 711.246 1528.02 0
CFibre6 994.365 1463.21 0
CFibre60 1108.28 1421.39 0
CFibre62 839.104 1515.66 0
CFibre8 758.316 1534.44 0
CFibre1 1045.22 1454.87 0
AFibre12 1144.5 1418.88 0
CFibre25 884.62 1509.51 0
AFibre22 1206.74 1419.55 0
CFibre42 909.616 1538.75 0
CFibre13 833.49 1562.14 0
CFibre47 1046.22 1504.31 0
CFibre16 928.234 1544.4 0
AFibre6 837.757 1578.31 0
AFibre21 1067.66 1514.68 0
CFibre18 1136.75 1496.67 0
CFibre4 982.27 1552.88 0
CFibre37 1170.2 1495.15 0
AFibre17 1196.76 1487.29 0
CFibre32 1090.57 1541.53 0
CFibre36 789.377 1636.79 0
CFibre46 1113.81 1544.6 0
CFibre22 998.491 1592.7 0
CFibre31 1184.86 1532.25 0
AFibre25 930.275 1621.47 0
AFibre5 894.899 1655.53 0
AFibre3 972.295 1669.6 0
