-1308.66 439.056
-1251.69 754.96
-1093 852.899
-1369.48 924.486
-1549.51 675.467
-1375.59 458.667
-1090.29 596.432
-1288.86 678.825
-1545.26 635.902
-1191.19 923.919
-820.216 663.139
-1347.25 493.494
-888.239 467.954
-1111.39 784.714
-1104.42 610.06
-1385.17 823.09
-1719.2 650.787
-1413.08 1123.53
-1044.16 400.061
-1249.94 683.735
-1255.62 262.769
-1186.61 498.374
-1399.07 800.626
-1376.4 1199.64
-1070.1 941.648
-1279.48 688.513
-1271.98 974.34
-925.58 863.042
-1025.64 1045.82
-1366.78 392.433
-1600.38 959.662
-1356.74 725.508
-1647.47 712.707
-1657.53 503.585
-947.475 1104.1
-1185.48 578.894
-1093.3 1016.32
-1521.99 1135.64
-1313.79 330.237
-1578.34 427.089
-1497.2 1095.24
-1047.98 595.09
-937.191 679.749
-1538.01 473.703
-1092.31 698.202
-1539.6 594.584
-1224.51 1062
-1666.71 542.015
-1269.46 732.375
-1526.01 702.618
-1537.85 1110.36
-1194.33 723.561
-842.769 743.149
-1117.54 904.378
-1405.19 302.975
-1245.68 624.191
-873.35 552.161
-956.4 1040.92
-1181.85 761.327
-1248.04 832.417
-1690.96 640.227
-1050.88 444.906
-1281.48 919.773
-881.801 678.793
-885.497 792.903
-1203.19 1185.94
-1585.39 1035.14
-1258.23 294.732
-1010.84 1026.33
-1163.26 832.842
-1169.28 814.663
-1303.65 523.473
-884.55 778.891
-1121.31 723.161
-1143.16 1103.54
-1259.55 504.048
-1438.92 644.027
-974.171 353.995
-1489.79 759.392
-1066.3 410.727
-1057.3 772.595
-1379.19 761.111
-1596.4 590.04
-974.665 730.272
-1522.2 1005.16
-1260.66 386.449
-1287.52 1149.09
-1336.44 841.952
-1153.71 1126.73
-861.482 922.599
-1165.68 514.646
-1387.93 584.415
-933.952 588.485
-1019.86 851.247
-1191.65 333.966
-825.134 556.466
-1244.32 807.598
-884.754 628.824
-1697.69 583.547
-1545.3 385.808
-1554.82 776.901
-1612.6 633.321
-838.583 519.539
-950.255 679.555
-1106.7 895.713
-1429.98 743.594
-1181.92 726.915
-806.348 791.991
-1351.42 928.94
-982.432 644.271
-979.382 492.109
-876.896 497.781
-1568.3 654.597
-1347.45 1176.91
-1528.69 549.892
-1300.83 716.157
-1136.2 448.046
-1034.87 578.509
-1099.95 1090.92
-1581.57 468.498
-1349.76 804.688
-897.881 552.373
-1240.28 748.57
-953.376 700.692
-1507.54 482.305
-1473.84 614.119
-982.983 420.179
-1386.51 346.688
-1450.9 1158.9
-1632.35 871.916
-1506.56 910.991
-1377.56 1033.06
-1599.9 913.988
-1461.91 315.367
-1445.6 847.044
-1165.34 475.647
-1300.51 1145.69
-1099.25 555.401
-1135.42 412.991
-1289.2 381.329
-1203.81 400.027
-1611.03 829.01
-989.098 869.205
-985.69 894.498
-1047.63 1191.61
-937.884 437.733
-1618.41 578.066
-1442.35 790.616
-1205.04 1034.35
-1393.84 1098.67
595.453 587.766
390.554 999.446
-15.2441 840.562
308.604 1243.9
345.506 644.09
-34.7967 628.539
389.889 981.581
-148.31 890.374
61.9289 707.362
-4.75946 542.191
201.788 653.715
-29.1935 811.994
629.956 900.724
394.739 640.109
-237.277 732.282
633.652 698.513
471.055 486.518
110.52 714.694
-116.278 577.545
627.867 934.43
150.739 412.791
188.912 1089.46
-19.6097 1161.85
-212.535 985.174
632.742 814.062
367.208 1050.07
-249.423 719.902
-116.25 473.911
-268.182 700.558
434.392 1107.31
488.285 887.925
194.621 643.832
142.883 903.534
39.6349 414.169
353.176 1217.4
-83.8717 680.256
339.217 1307.18
-208.988 953.337
83.2539 833.747
267.827 624.846
463.178 886.113
409.889 526.265
199.731 537.54
-138.788 750.851
359.628 387.364
177.763 754.757
516.154 731.865
175.314 1069.25
73.9689 900.647
92.0856 719.46
55.9499 425.222
-35.3803 1198.56
-206.267 1035.03
-111.549 522.538
363.513 927.746
260.599 867.007
451.176 1056.83
202.494 758.363
-113.504 941.675
-134.29 895.093
-159.108 1092.75
653.484 947.55
503.57 1146.03
584.547 865.077
559.552 846.819
595.933 572.384
576.668 618.115
302.411 996.398
47.5734 692.296
665.424 810.586
152.852 429.491
-179.514 1112.56
313.342 1057.12
264.919 683.58
183.158 1026.98
35.2285 1251.72
149.318 1323.02
58.9408 1168.99
-112.664 1187.73
-121.692 815.104
665.843 931.746
521.354 577.6
119.833 828.821
377.638 623.864
65.6817 499.327
-28.2654 602.04
463.462 855.493
59.8766 1184.74
504.911 663.293
205.235 1159.95
471.628 716.04
464.931 446.613
265.059 1305.52
220.592 983.459
325.089 1084.61
-126.883 1037.26
375.495 1246.46
224.861 1249.76
-16.3344 1141.78
215.522 955.915
-199.254 846.899
360.816 1154.25
570.097 832.449
-167.257 592.523
594.405 559.323
570.339 916.515
337.425 899.851
-33.5099 1072.24
438.486 1261.08
252.957 359.623
-99.1561 510.751
-196.483 897.999
166.137 884.804
157.115 498.961
-123.495 928.706
381.379 852.429
18.4395 1226.13
290.394 1317.68
-81.965 797.344
-214.804 935.85
133.749 999.94
39.7525 531.041
493.704 1154.09
639.615 874.887
44.6177 469.438
482.469 672.442
593.12 852.947
416.262 576.291
-64.3731 480.159
-154.251 649.576
-38.2152 744.765
-40.9866 1161.26
353.451 1266.54
95.6809 1250.55
-187.362 1029.05
-66.6931 1190.43
224.551 614.822
171.395 569.285
275.575 1255.98
271.489 1055.17
67.497 969.08
261.313 891.323
323.825 457.077
393.826 729.175
-189.803 702.74
337.43 607.131
486.617 690.442
372.109 813.896
257.482 1027.27
-65.2077 1022.19
975.677 -1186.13
868.361 -1167.3
1103.94 -587.319
997.442 -1379.85
679.206 -1224.34
969.286 -1264.58
574.753 -785.212
1406.68 -850.285
1158.95 -581.332
904.674 -707.125
1114.52 -1078.22
707.411 -1057.14
1232.35 -745.737
1197.62 -897.444
974.68 -651.703
1227.86 -816.12
1340.93 -730.074
1214.95 -563.579
1356.1 -896.918
1161.03 -596.2
977.818 -1355.33
819.958 -1059.86
1013.17 -1227.68
1185.52 -626.966
1451.42 -943.62
576.302 -1164.39
1017.09 -1310.68
1413.58 -1033
1258.32 -993.841
1296.99 -1368.82
583.971 -1043.78
1078.55 -1404.44
1038.2 -1297.57
678.421 -1277.15
899.029 -1293.76
1004.26 -1027
1031.12 -537.117
1031.61 -832.677
1199.8 -1180.59
917.436 -648.436
954.513 -823.507
827.56 -656.991
688.839 -886.021
600.991 -800.934
869.159 -1256.68
774.263 -952.876
807.889 -1196.64
565.598 -851.847
581.778 -884.077
1268.36 -707.52
1271.48 -1173.94
1040.11 -1379.17
651.919 -995.747
1409.65 -814.083
1347.27 -1130.57
1120.56 -668.633
995.353 -548.814
602.878 -1102.66
661.094 -1336.09
1447.99 -977.652
1430.42 -771.359
1262.34 -1092.31
1020.44 -1041.57
577.383 -832.154
1080.55 -1234.34
1374.7 -1287.01
1213.45 -1269.18
871.297 -1289.72
691.077 -1011.15
1208.19 -1046.55
1211.58 -839.139
1185.42 -983.539
618.976 -1163.46
563.65 -1019.42
854.274 -1410.95
640.322 -760.431
1168.38 -643.378
1129.91 -754.252
1016.88 -687.224
1308.79 -1048.47
1275.65 -1030.45
723.457 -723.773
668.431 -1309.75
1065.44 -1237.13
798.398 -748.395
908.565 -1266.34
743.898 -1072.87
1185.06 -576.851
1300.79 -1223.76
1288.63 -1154.29
799.373 -1163.51
1055.26 -598.997
950.198 -971.271
738.07 -604.119
1197.07 -614.801
1176.19 -774.037
870.091 -1393.98
991.325 -593.511
778.623 -769.89
1273.12 -896.492
896.806 -1375.51
771.113 -1308.11
1119.3 -836.995
1248.97 -1247.93
795.543 -951.375
679.131 -994.534
891.946 -835.37
1140.33 -1207.81
1233.1 -697.663
898.308 -665.311
785.141 -1400.3
1276.2 -724.662
1334.94 -1028.32
707.745 -1377.19
877.534 -1146.39
638.588 -927.912
739.783 -1187.24
1003.18 -1451.74
1332 -1169.94
1124.49 -1006.78
1035.2 -892.831
1248.63 -800.787
1369.51 -885.072
1242.43 -902.185
798.519 -1358.22
1114.16 -720.957
772.224 -642.965
564.282 -966.812
1349.59 -936.742
767.517 -682.775
785.364 -905.325
702.408 -942.822
680.722 -634.985
592.281 -1140.36
716.921 -634.833
1205.83 -1128.78
1097.38 -1031.13
739.345 -743.773
1456.29 -824.751
1156.69 -664.459
1386.43 -1046.54
660.834 -1061.47
870.274 -860.808
678.884 -893.157
545.703 -1079.64
962.885 -688.8
885.523 -935.308
979.893 -923.98
1339.76 -1073.86
924.655 -1143.48
984.744 1197.92
1045.22 1454.87
1003.29 1224.69
964.152 1273.83
982.27 1552.88
919.854 1422.29
853.454 1249.24
994.365 1463.21
978.193 1424.48
758.316 1534.44
796.447 1341.52
1096.34 1150.73
1161.27 1280.82
1002.25 1424.72
833.49 1562.14
669.849 1418.39
1118.55 1269.7
1088.78 1264.72
928.234 1544.4
885.525 1280.18
972.295 1669.6
787.724 1321.71
1136.75 1496.67
1208.46 1318.06
894.899 1655.53
837.757 1578.31
1163.19 1365.41
870.93 1258.71
975.364 1236.38
1077.43 1294.35
969.935 1149.36
998.491 1592.7
924.241 1453.15
930.698 1347.57
734.862 1500.46
702.368 1343
988.345 1443.38
884.62 1509.51
897.62 1359.31
796.478 1260.37
1059.84 1244.13
1144.5 1418.88
799.388 1174.74
956.129 1465.15
885.678 1434.49
1184.86 1532.25
1090.57 1541.53
1088.53 1185.97
889.88 1405.13
1085.62 1358.25
737.415 1215.1
789.377 1636.79
698.089 1509.77
1170.2 1495.15
868.627 1141.97
925.073 1175.83
832.153 1313.82
1196.76 1487.29
1007.49 1312.42
726.351 1355.46
909.616 1538.75
711.246 1528.02
1008.72 1355.61
1010.27 1283.93
1090.55 1218.91
1064.75 1297.23
1113.81 1544.6
1046.22 1504.31
1015.5 1303.45
1169.17 1348.93
809.357 1303.61
782.301 1250.83
950.141 1329.45
674.287 1338.95
938.287 1421.87
713.934 1253.56
737.757 1236.07
1141.15 1219.33
1067.66 1514.68
720.803 1490.17
862.77 1344.78
966.959 1452.4
1206.74 1419.55
1108.28 1421.39
697.991 1257.24
1091.68 1332.18
751.796 1458
930.275 1621.47
839.104 1515.66
826.379 1327.36
217.611 105.671
5.51328 -285.723
2.68369 -260.367
-81.5136 9.41607
-90.6208 -171.082
-55.0024 -186.316
-78.0554 -226.349
132.927 185.35
49.0297 -248.152
28.0729 274.312
-94.457 77.0491
65.6603 -150.493
14.2654 -226.703
153.82 110.933
-68.8506 70.2427
54.9055 -115.274
-84.1806 -208.19
172.831 106.92
-136.534 33.5946
127.582 20.5986
-38.8727 -244.604
92.3857 -138.747
125.25 -142.634
-205.255 -114.585
-127.695 -23.9823
-92.8945 258.055
227.359 -146.814
-67.9907 -152.043
244.477 125.919
98.7314 253.261
-133.007 -231.894
98.8317 138.532
133.26 -188.882
-182.078 -189.645
-239.519 -151.841
-116.479 55.4105
168.071 -8.51351
97.9973 184.467
-54.3228 57.6257
-67.6052 -76.2172
186.272 -10.6438
165.464 225.457
-176.951 43.5658
41.1864 -213.259
-177.376 97.5228
125.733 -78.9018
18.7027 -39.0287
-49.4499 -115.78
170.575 -27.8821
38.8443 93.8949
-236.795 -136.858
84.5187 109.533
104.015 -79.307
-83.2669 -257.864
92.6779 -176.01
-133.581 154.451
135.538 -69.3381
-180.224 8.06695
109.707 -96.7607
-52.8708 171.573
89.1843 228.901
51.8244 -85.1718
-210.781 -134.734
-102.169 -99.9432
-108.509 204.723
55.0934 -51.3864
17.1217 -195.932
-122.689 -79.3692
-140.134 128.157
3.71794 103.164
-26.6335 77.2223
-187.327 -165.184
237.472 12.5198
-238.807 -4.77316
63.3459 124.124
69.6271 -103.485
246.266 -148.286
32.2642 -167.848
86.9183 -195.964
-170.331 -108.022
207.946 151.55
217.927 -57.7054
-142.188 113.222
-157.945 -203.828
-68.1099 -168.78
120.928 139.115
-98.4867 167.927
120.934 -60.879
-195.878 -140.108
-241.924 -65.3195
219.985 -1602.57
133.534 -1266.09
133.956 -1435.3
24.5139 -1214.16
199.304 -1374.17
-133.117 -1502.36
-71.964 -1439.6
-113.075 -1319.84
-210.476 -1549.51
-60.0323 -1671.02
-91.6857 -1720.58
-136.485 -1330.9
208.813 -1589.22
222.21 -1528.65
-12.561 -1692.17
5.19611 -1556
208.66 -1493.03
-149.042 -1533.15
240.127 -1416.79
67.6788 -1703.95
-13.2897 -1421.84
26.1751 -1776.81
111.846 -1694.75
270.49 -1546.82
185.208 -1277.12
68.9619 -1465.69
34.6624 -1506.2
48.6553 -1574.85
-239.315 -1481.25
-103.506 -1364.19
123.862 -1577.5
243.765 -1459.94
-38.4975 -1306.79
36.9575 -1532.71
-122.302 -1276.65
144.774 -1570.24
-283.5 -1542.27
215.725 -1683.09
-145.489 -1350.34
-234.988 -1432.76
225.197 -1513.59
34.4061 -1420.62
-182.582 -1395.25
236.97 -1605.74
77.9994 -1594.2
274.604 -1571.48
52.7758 -1480.03
-8.47316 -1479.61
-18.6243 -1434.14
165.757 -1549.65
-127.73 -1661.21
4.89732 -1596.6
149.409 -1722.09
-201.647 -1314.99
155.161 -1384.9
135.574 -1524.7
241.864 -1628.05
83.3996 -1578.59
56.4523 -1276.47
91.3595 -1356.2
167.145 -1402.88
38.4066 -1388.52
-215.613 -1607.83
9.13542 -1229.14
224.745 -1450.61
136.038 -1657.82
287.136 -1482.17
23.8519 -1356.14
63.0999 -1495.96
194.806 -1442.76
-97.5414 -1617.87
-19.3921 -1343.77
-162.966 -1347.99
-242.996 -1494.08
-139.591 -1316.24
104.056 -1384.62
94.8209 -1764.23
110.93 -1241.96
257.623 -1610.04
85.1663 -1302.21
76.2259 -1322.88
-282.054 -1489.05
-174.589 -1724.91
197.676 -1540.68
-73.9412 -1581.09
-215.841 -1404.72
-70.5798 -1496.77
69.0347 -1685.34
-114.04 -1407.37
-55.258 -1630.94
-772.95 -840.949
-868.678 -839.035
-855.092 -1046.53
-685.564 -1280.73
-752.355 -1150.28
-1145.14 -993.288
-1035.95 -1244.5
-785.213 -1089.31
-751.272 -1085.52
-1125.83 -1175.69
-868.976 -1261.52
-896.439 -989.33
-847.753 -952.169
-841.14 -1162.7
-934.842 -1178.76
-799.601 -1093.24
-719.352 -1219.3
-1041.92 -871.479
-884.986 -1145.37
-723.587 -1291.47
-815.727 -1321.85
-1163.26 -1021.41
-1116.43 -1108.34
-998.711 -1320.12
-800.993 -1284.27
-833.133 -961.32
-914.458 -1385.23
-1028.97 -1172.21
-652.27 -962.277
-961.411 -1157.04
-886.911 -1236.78
-1009.86 -1288.98
-817.821 -1051.9
-1093.39 -976.815
-959.056 -1037.95
-811.904 -879.169
-639.051 -1185.07
-935.495 -1382.15
-907.258 -1284.71
-961.283 -956.947
-1086.82 -1226.7
-907.857 -828.277
-663.392 -1191.94
-909.215 -1098.6
-769.928 -1295.8
-823.097 -1197.67
-763.54 -1209.64
-858.507 -1075.32
-1121.93 -1282.43
-808.904 -936.218
-672.493 -1046.17
-1031.9 -1283.55
-660.395 -1217.23
-1107.82 -1211.16
-720.897 -1138.13
-810.016 -1169.72
-1054.28 -1148.51
-879.663 -861.362
-1018.6 -1106.33
-991.348 -1341.35
-818.802 -1158.42
-710.306 -1166.05
-714.167 -990.411
-707.53 -1249.41
-1063.81 -1129.12
-1025.03 -1038.09
-818.345 -1219.16
-636.772 -982.993
-1018.2 -885.361
-911.71 -870.954
-1061.4 -930.59
-766.123 -1182.89
-775.312 -1149.9
-898.28 -1351.22
-835.601 -1216.87
-996.213 -1204.57
-911.696 -1344.21
-888.823 -1280.82
-1135.03 -1243.87
-839.901 -1036.82
-856.092 -1016.79
-881.76 -1201.49
-896.948 -1042.51
-631.855 -1145.03
-676.864 -1133.56
-842.678 -1119.2
-850.994 -1254.2
-733.57 -1301.18
-721.975 -1182.89
-765.046 -1158.96
227.231 1659.16
-8.14236 1628.24
-217.843 1690.38
-68.54 1810.78
27.7952 1822.15
-259.3 1676.1
14.1137 1597.56
-14.1153 1468.62
-168.391 1802.43
283.476 1730.84
254.062 1562.11
40.1481 1856.82
99.7861 1885.23
-6.42342 1939.82
135.064 1601.17
-268.783 1619.24
-161.784 1895.38
-264.911 1797.24
152.118 1720.67
-281.511 1743.13
-157.46 1487.69
233.994 1757.84
209.945 1631.57
-123.128 1587.98
-126.641 1548.45
67.1213 1535.85
73.9727 1699.93
37.7355 1732.25
175.227 1629.56
-57.9324 1602.79
-127.262 1847.86
23.7186 1806.91
-220.011 1761.14
189.487 1836.71
161.744 1450.25
-170.429 1842.42
-185.996 1700.94
183.604 1467.99
-188.835 1612.66
257.663 1594.96
-2.15552 1448.16
149.655 1595.3
-251.212 1594.77
177.662 1870.85
172.379 1556.05
-223.665 1801.66
-1.39311 1966.77
160.613 1632.46
211.313 1527.16
-22.7267 1701.41
-40.0582 1814.92
-40.3866 1434.17
-130.581 1827.6
-216.794 1633.39
-160.984 1537.21
24.8149 1499.28
-81.1224 1559.4
284.129 1686.35
-149.385 1526.97
122.503 1606.35
26.2543 1907.26
178.757 1801.41
-4.13873 1901.01
-49.7964 1451.66
-115.25 1504.5
92.4632 1435.36
-217.598 1749.04
130.767 1548.82
96.6532 1903.1
183.288 1561.75
63.5788 1587.1
267.905 1756.29
127.79 1664.74
-110.991 1651.74
-197.716 1691.18
-98.8497 1508.1
-192.724 1648.59
-205.515 1524.96
49.5743 1962.82
156.957 1559.26
-33.8434 1457.66
-74.8178 1509.14
86.8506 1948.37
255.817 1630.43
7.59074 1714.17
10.8552 1581.24
82.6416 1679.18
149.843 1578.45
-117.343 1725.72
-220.204 1529.8
-694.875 1642.44
-698.688 1688.84
-553.534 1690.43
-548.491 1667.63
-539.711 1564.47
-525.322 1688.23
-673.218 1595.38
-566.001 1565.25
-507.045 1550.9
-715.427 1671.79
-484.735 1659.74
-534.741 1772.47
-553.196 1525.21
-614.865 1774.35
-659.09 1678.35
-722.806 1689.58
-681.421 1758.19
-490.627 1636.67
-492.255 1681.67
-648.393 1732.12
-622.12 1749.71
-624.043 1607.36
-522.419 1564.35
-584.68 1601.42
-677.038 1548.66
-604.544 1713.21
-687.462 1626.49
-694.721 1669.64
-496.898 1626.3
-686.593 1583.74
-633.14 1578.17
-578.827 1673.88
-631.767 1699.27
-596.993 1679.32
-737.246 1642.11
-653.848 1642.16
-618.513 1735.68
-592.699 1771.97
-539.035 1685.58
-608.751 1545.43
-571.479 1597.13
-576.719 1641.9
-601.139 1759.21
-674.561 1634.35
-574.067 1737.46
-688.502 1334.39
-759.439 1257.5
-609.397 1394.36
-755.868 1174.86
-580.105 1287.05
-788.536 1282.2
-815.003 1290.68
-639.613 1347.07
-691.168 1225.79
-664.479 1193.71
-688.701 1400.04
-736.927 1404.62
-680.245 1286.27
-781.168 1340.63
-585.731 1261.64
-699.213 1379.48
-655.559 1212.04
-806.623 1226.72
-673.343 1363.22
-690.313 1420.32
-700.465 1197.17
-683.254 1322.32
-597.745 1378.94
-635.19 1313.53
-642.305 1369.12
-693.654 1255.57
-746.101 1323.75
-723 1369.29
-759.894 1311.76
-723.007 1221.73
-662.587 1244.94
-801.558 1299.6
-604.462 1289.04
-710.652 1349.91
-763.919 1192.26
-772.453 1245.4
-625.875 1207.24
-673.767 1167.88
-719.304 1409.74
-783.919 1395.76
-657.564 1412.13
-667.903 1208.32
-653.474 1374.94
-770.673 1322.3
-607.858 1204.3
-1599.05 -63.6456
-1394.15 -69.3952
-1505.6 4.21887
-1510.58 -104.363
-1533.46 24.3894
-1565.64 34.2254
-1552.93 -83.4201
-1571.69 -67.7224
-1596.19 46.5028
-1452.23 63.1959
-1542.63 89.3555
-1458.53 105.282
-1501.01 -10.6882
-1530.01 -88.2724
-1444.38 23.0883
-1485.02 42.3166
-1406.44 77.1343
-1584.07 71.9328
-1452.21 89.7966
-1519.07 1.5672
-1538.78 -45.8931
-1483.99 -101.295
-1412.43 -5.81204
-1599.6 13.3314
-1608.78 -53.4487
-1584.09 5.69154
-1547.78 37.7442
-1572.32 -12.2542
-1566.97 -35.4563
-1611.52 43.8804
-1492.06 113.732
-1493.74 139.762
-1472.23 132.925
-1457.29 -89.0415
-1532.65 -113.926
-1497.56 -92.88
-1625.27 48.3696
-1406.91 41.0068
-1585.67 17.888
-1614.86 -33.738
-1392.87 20.2846
-1511.36 52.4127
-1551.52 57.1709
-1529.42 55.5485
-1565.25 101.51
1516.95 25.411
1438.39 1.89273
1581.44 -76.2642
1453.25 124.516
1475.41 119.003
1477.46 81.9503
1519.8 87.8425
1556.98 54.8187
1362.66 -3.43788
1496.76 -134.47
1502.75 -94.6755
1463.23 104.678
1476.28 -98.2946
1577.12 6.08045
1520.99 -69.4065
1404.73 -95.6653
1502.43 -50.9622
1622.74 -41.9884
1569 -89.8194
1482.7 -119.396
1614.85 -60.3462
1394.55 81.0013
1519.45 -35.6136
1400.79 -26.8559
1624.62 25.3857
1400.61 -60.8936
1421.16 79.7611
1426.65 -4.3412
1379.17 -52.5504
1393.64 41.0488
1452.49 -68.5455
1453.56 39.8973
1483.1 128.273
1420.94 -77.6313
1584.99 27.8144
1436.64 61.6036
1597.67 58.8747
1603.33 10.0439
1386.9 -80.4754
1552.42 69.1399
1596.99 -65.1994
1508.17 -78.538
1572.37 -19.9329
1441.25 -121.043
1459.18 -121.155
-1440.77 -634.804
-1336.11 -637.312
-1413.87 -539.23
-1428.92 -590.115
-1493.57 -646.616
-1476.54 -490.971
-1344.36 -675.339
-1460.32 -687.563
-1473.63 -594.191
-1326.21 -517.988
-1380.78 -583.396
-1304.36 -585.451
-1309.39 -536.25
-1462.79 -568.747
-1406.14 -552.75
-1379.76 -601.907
-1479.03 -524.231
-1417.55 -585.447
-1314.53 -639.563
-1455.49 -648.784
-1355.29 -494.938
-1377.37 -696.957
-1511.67 -524.679
-1375.31 -629.34
-1442.34 -508.429
-1272.82 -651.968
-1378.53 -531.915
-1341 -689.79
-1469.55 -641.98
-1380.76 -546.991
-1328.26 -501.129
-1426.79 -667.038
-1438.87 -535.777
-1370.37 -678.877
-1479.11 -702.733
-1499.29 -531.058
-1325.92 -663.307
-1349.39 -611.522
-1376.97 -662.011
-1406.16 -700.85
-1399.35 -486.23
-1447.69 -551.734
-1287.36 -646.293
-1409.47 -470.371
-1468.7 -657.969
-1079.47 -333.646
-1010.48 -443.337
-972.304 -430.99
-1033.58 -525.683
-1030.67 -492.7
-974.13 -484.098
-930.558 -297.085
-1043.94 -334.44
-1077.19 -434.353
-1015.32 -424.132
-1054.4 -368.498
-1054.65 -323.506
-963.247 -321.505
-1034.66 -411.566
-934.032 -314.401
-1015.24 -334.471
-1094.64 -443.19
-1129.48 -445.099
-1112.92 -393.423
-1088.85 -469.141
-1027.06 -354.032
-934.028 -331.646
-988.451 -316.437
-1070.06 -291.824
-893.99 -353.633
-1020.4 -455.91
-1089.68 -481.864
-935.894 -285.446
-898.085 -458.335
-997.871 -345.686
-875.365 -459.079
-907.663 -304.424
-951.938 -376.543
-923.735 -469.408
-979.79 -500.073
-960.352 -446.062
-884.358 -324.811
-942.134 -355.052
-1021.23 -315.136
-966.499 -530.656
-976.699 -296.422
-870.129 -387.708
-1032.4 -368.023
-968.133 -370.55
-924.802 -424.02
